%% COMPONENTS STRUCTURE %%%%%%%%%%%%%%%%%%%%%%%%%%%%%%%%%%%%%%%%%%%%%%%%%%%%%%%%
%  
%  X.name          name 
%  X.fraction      fraction of elemnt in a solution
%  X.MM molar      molar mass [kg.kmol^-1]
%  X.a             9 coeff. for temp. range 200<T<1000   (New NASA Polynomial)
%  X.b             9 coeff. for temp. range 1000<T<6000  (New NASA Polynomial)
%  X:LHV           Low Heating Value [kJ.kg^-1]
%
%%%%%%%%%%%%%%%%%%%%%%%%%%%%%%%%%%%%%%%%%%%%%%%%%%%%%%%%%%%%%%%%%%%%%%%%%%%%%%%%
% O2 oxygen
O2.name = 'O2'; 
O2.fraction = 0.20950;
O2.MM = 31.9988000;
O2.a = [-3.425563420e+04 4.847000970e+02 1.119010961e+00 4.293889240e-03 -6.836300520e-07 -2.023372700e-09 1.039040018e-12 -3.391454870e+03 1.849699470e+01];
O2.b = [-1.037939022e+06 2.344830282e+03 1.819732036e+00 1.267847582e-03 -2.188067988e-07 2.053719572e-11 -8.193467050e-16 -1.689010929e+04 1.738716506e+01];
% N2 nitrogen
N2.name  = 'N2'; 
N2.fraction = 0.78090;
N2.MM = 28.0134000;
N2.a = [2.210371497e+04 -3.818461820e+02 6.082738360e+00 -8.530914410e-03 1.384646189e-05 -9.625793620e-09 2.519705809e-12 7.108460860e+02 -1.076003744e+01];
N2.b = [5.877124060e+05 -2.239249073e+03 6.066949220e+00 -6.139685500e-04 1.491806679e-07 -1.923105485e-11 1.061954386e-15 1.283210415e+04 -1.586640027e+01];
% CO2 carbon dioxide
CO2.name = 'CO2';
CO2.fraction = 0.0003;
CO2.MM = 44.00950;
CO2.a = [4.943650540e+04 -6.264116010e+02 5.301725240e+00 2.503813816e-03 -2.127308728e-07 -7.689988780e-10 2.849677801e-13 -4.528198460e+04 -7.048279440e+00];
CO2.b = [1.176962419e+05 -1.788791477e+03 8.291523190e+00 -9.223156780e-05 4.863676880e-09 -1.891053312e-12 6.330036590e-16 -3.908350590e+04 -2.652669281e+01];
% Ar argon
Ar.name = 'Ar';
Ar.fraction = 0.0093 ;
Ar.MM = 39.9480000 ;
Ar.a = [0.000000000e+00 0.000000000e+00 2.500000000e+00 0.000000000e+00 0.000000000e+00 0.000000000e+00 0.000000000e+00 -7.453750000e+02 4.379674910e+00];
Ar.b = [2.010538475e+01 -5.992661070e-02 2.500069401e+00 -3.992141160e-08 1.205272140e-11 -1.819015576e-15 1.078576636e-19 -7.449939610e+02 4.379180110e+00];

% Air composition
X_air = [ O2 N2 CO2 Ar ];  
